%% Spring rate

% Data 

front_right = [0    0    0   0   0   0;
               3   142  142 141 142 143;
               6   287  284 287 287 287;
               9   437  436 463 438 438;
               12  589  592 589 591 591;
               15  749  748 747 750 751]/1000 * 9.81;
          
front_left = [0    0   0   0   0   0;
              3   141 141 139 141 140 ;
              6   284 283 283 283 281 ;
              9   428 426 426 427 425 ;
              12  579 578 579 579 578 ;
              15  733 732 734 729 731 ]/1000 * 9.81;
          
rear_left  = [0    0   0   0   0   0;
              3   92  94  94  93  94;
              6   184 185 188 187 189 ;
              9   278 281 285 285 282 ;
              12  375 375 381 380 381 ;
              15  473 463 479 476 473 ]/1000 * 9.81;
          
front_left = [0    0   0   0   0   0;
              3   93  95  94  94  94;
              6   187 189 189 188 188 ;
              9   283 286 286 286 283 ;
              12  377 382 381 381 378 ;
              15  477 477 476 480 476 ]/1000 * 9.81;
          
%% Regression

